2.210380637978460738e-01
3.272146804496759431e-01
9.798515983553034436e-01
6.381410100388574813e-01
4.880677525832448627e-01
9.929309823786569567e-02
6.091306982411597293e-01
9.396266327827177411e-01
2.504222761842500589e-02
2.515525931870629117e-01
7.476941908965284433e-02
7.471853589393742112e-01
5.753381539813675616e-01
2.252093567001378638e-01
5.870203807000813345e-01
9.525423688339549333e-01
2.571839482508162522e-01
8.166910120548218632e-01
8.754876999961033190e-01
3.414532326232994075e-01
9.613075711072430751e-01
8.710168411115033482e-01
2.336470394097501790e-01
6.606538082545480028e-01
6.214279848997407152e-01
4.656441865830118765e-02
1.715279612542214283e-01
8.021203547468158668e-01
2.871651730621049836e-02
3.392316393360834681e-01
3.978315454735935619e-01
5.931834530285821083e-01
3.748656726410022344e-01
4.553615718486887509e-01
2.612167728456871174e-01
9.931137718460902875e-02
3.830839029295713960e-01
7.209210099364820046e-01
4.592630226664370374e-01
9.670025547209537553e-01
6.578511948778040797e-01
6.477289337593077345e-01
5.376011793327248878e-01
1.595174232773916012e-01
2.400788073080957208e-01
5.768560523031776022e-01
3.041378732158940279e-01
4.657655208102178257e-01
9.025793423829362450e-01
5.171971573645107734e-01
5.830224462992927847e-02
3.644279813554214265e-01
7.854086920811496064e-01
4.978134106103141443e-01
8.799473100170168705e-01
3.045453394017790805e-01
3.229847692444105522e-01
7.155385786607617593e-01
6.374999435103694267e-01
6.801400422740961904e-01
2.334251505467414001e-01
2.237489845762874463e-02
1.088733664047185634e-01
1.284951093663122546e-01
3.109551044703717793e-01
8.391584146438872960e-01
3.672029708866623166e-01
6.690725724285523368e-01
2.257910447591081615e-01
6.254832890558765790e-01
9.953940734401117707e-01
4.574950225692420158e-02
4.560167170646460821e-01
3.176868591131064568e-01
3.108734205228280700e-03
2.290242343061882346e-01
4.358688695524155499e-01
5.156180165581629726e-01
5.603670610141385788e-01
6.859214222121063909e-01
7.068651403368487740e-01
2.235042780222875614e-01
6.515898434894832336e-01
6.585005988063741267e-02
1.353560912102127478e-01
2.980673648563582079e-01
3.975046892685241140e-03
8.844222836897760454e-01
1.214405034863053068e-01
7.000342184836157999e-01
7.277169962654971291e-01
9.874518029155165966e-02
6.038157709563167774e-01
8.305561399248911902e-01
1.834748978729284774e-01
4.874458442115049417e-01
7.449428612291012497e-01
9.732531280952285702e-01
8.598164155073357851e-01
3.934473577546423462e-01
